Time: 4.640085  NUM_THREADS: 8
Time: 0.761363  NUM_THREADS: 8